
(128,128)
fusion,0.000141,0.000000,0.000146,0.000001,698.1937
fusion,0.000140,0.000000,0.000145,0.000001,712.5716
0.5142765128627032
fusion,0.000141,0.000000,0.000146,0.000001,700.9719
0.8375192862918978
fusion,0.000140,0.000000,0.000146,0.000001,709.0372
0.03537425324644082
fusion,0.000141,0.000000,0.000148,0.000002,710.3228
0.4973504267699683
fusion,0.000141,0.000000,0.000149,0.000004,707.5183
0.019473470828159457

(256,256)
fusion,0.000576,0.000001,0.000613,0.000012,689.0361
fusion,0.000577,0.000000,0.000603,0.000005,687.2111
0.02789146508351524
fusion,0.000575,0.000001,0.000590,0.000001,696.6184
0.2550719274882615
fusion,0.000572,0.000000,0.000595,0.000003,707.4119
0.00214523701026188
fusion,0.000578,0.000001,0.000603,0.000003,712.0279
0.02061757523071609
fusion,0.000580,0.000000,0.000615,0.000005,719.1288
0.0011424352576574128

(512,512)
fusion,0.002412,0.000002,0.002504,0.000031,716.8546
fusion,0.002429,0.000001,0.002528,0.000015,721.8645
0.0007791137780698971
fusion,0.002411,0.000006,0.002505,0.000005,713.4785
0.8645063955299481
fusion,0.002412,0.000001,0.002445,0.000004,701.2796
0.8552015651378317
fusion,0.002409,0.000002,0.002523,0.000010,690.8040
0.20350654082488903
fusion,0.002429,0.000006,0.002509,0.000008,699.2972
0.01956917494433171

(1024,1024)
fusion,0.010738,0.000034,0.011068,0.000086,940.0392
fusion,0.010832,0.000004,0.011162,0.000071,947.8962
0.016772142234462894
fusion,0.010826,0.000011,0.011315,0.000077,956.7873
0.02384465374200547
fusion,0.010732,0.000018,0.011019,0.000083,942.3502
0.8503267388815917
fusion,0.010838,0.000011,0.011199,0.000128,960.0026
0.015535487033412548
fusion,0.010775,0.000031,0.011009,0.000055,970.3580
0.3104711496494464

(2048,2048)
fusion,0.043285,0.000057,0.044286,0.000419,3114.2667
fusion,0.043576,0.000026,0.042762,0.000178,3044.6025
0.0027754052962007084
fusion,0.042884,0.000021,0.043545,0.000346,3011.0838
0.0007354338025523815
fusion,0.043657,0.000021,0.043401,0.000206,3020.6950
0.0009760317715276474
fusion,0.043626,0.000007,0.043897,0.000725,3023.8029
0.0011020310579524751
fusion,0.043428,0.000160,0.043303,0.000102,3024.1717
0.3002604979039343
